Sun -7.1391433802e-03 -2.7920197702e-03 2.0618388526e-04 5.3742609402e-06 -7.4109653967e-06 -9.4228628384e-08 1988500e24
Mercury -1.4786722334e-01 -4.4669297754e-01 -2.3139375828e-02 2.1174245633e-02 -7.1053864043e-03 -2.5229251801e-03 3.302e23
Venus -7.2576936028e-01 -2.5295820826e-02 4.1378025262e-02 5.1890701887e-04 -2.0313552588e-02 -3.0726873865e-04 48.685e23
Earth -1.7566379229e-01 9.6599128505e-01 2.0206291184e-04 -1.7228571570e-02 -3.0150712247e-03 -5.8599312236e-08 5.97219e24
Mars 1.38322192252e00 -2.3801740817e-02 -3.4411830284e-02 7.5330138505e-04 1.5178887712e-02 2.9965897102e-04 6.4171e23
Jupiter 3.9963213116e00 2.9325612115e00 -1.0161709798e-01 -4.5583766011e-03 6.4398632251e-03 7.5375689719e-05 1898.13e24
Saturn 6.4014168918e00 6.5652507363e00 -3.6892110533e-01 -4.2851662397e-03 3.8845799262e-03 1.0251552346e-04 568.34e24
Uranus 1.4423378439e01 -1.3738450301e01 -2.3792212014e-01 2.6838403441e-03 2.6650165412e-03 -2.4842322673e-05 86.813e24
Neptune 1.6803618199e01 -2.4995443990e01 1.2747716919e-01 2.5845910687e-03 1.7689443147e-03 -9.6294000040e-05 102.413e24
PlutoBarycentre -9.8840066248e00 -2.7960820782e01 5.8510087511e00 3.0340761802e-03 -1.5453435608e-03 -7.1226586521e-04 1.46e22
Halley -1.7392515226e01 1.6975301738e01 -7.5774339930e00 -1.2023418554e-03 2.1840072189e-03 -6.9140148996e-04 2.2e14
Moon -1.7778715301e-01 9.6437439590e-01 4.4642350235e-04 -1.6904689939e-02 -3.4770707647e-03 -1.0053923502e-06 7.349e22